Itr,time in ns
1,719001.0
2,110873.0
3,75114.0
4,78802.0
5,74955.0
6,74087.0
7,74320.0
8,75353.0
9,74291.0
10,74527.0
11,73774.0
12,74483.0
13,73942.0
14,74291.0
15,74160.0
16,74270.0
17,74635.0
18,73888.0
19,74761.0
20,74178.0
21,74979.0
22,96093.0
23,72385.0
24,73739.0
25,72193.0
26,72081.0
27,71877.0
28,72441.0
29,72888.0
30,72648.0
31,71732.0
32,72171.0
33,71966.0
34,71638.0
35,72600.0
36,72029.0
37,72210.0
38,72104.0
39,72203.0
40,71470.0
41,73248.0
42,71807.0
43,71800.0
44,72865.0
45,71415.0
46,72113.0
47,71802.0
48,72098.0
49,71716.0
50,72124.0
51,71756.0
52,71697.0
53,71815.0
54,71431.0
55,72272.0
56,71721.0
57,72334.0
58,71727.0
59,72487.0
60,72346.0
61,58529.0
62,25920.0
63,26641.0
64,25447.0
65,26261.0
66,26319.0
67,32975.0
68,24603.0
69,25692.0
70,26086.0
71,26202.0
72,25338.0
73,25607.0
74,25473.0
75,25509.0
76,26690.0
77,26064.0
78,25334.0
79,25310.0
80,25268.0
81,26090.0
82,25441.0
83,26063.0
84,25318.0
85,26270.0
86,25498.0
87,25451.0
88,25462.0
89,25776.0
90,26387.0
91,26242.0
92,26631.0
93,26048.0
94,26274.0
95,26039.0
96,26383.0
97,33097.0
98,25514.0
99,26262.0
100,25485.0
101,26389.0
102,25495.0
103,26044.0
104,25934.0
105,2926517.0
106,42228.0
107,25520.0
108,25590.0
109,25659.0
110,25538.0
111,25114.0
112,33180.0
113,24614.0
114,24680.0
115,25402.0
116,24674.0
117,41269.0
118,40782.0
119,40915.0
120,33003.0
121,25438.0
122,25617.0
123,24926.0
124,24832.0
125,24863.0
126,25924.0
127,24710.0
128,25416.0
129,27430.0
130,25622.0
131,50514.0
132,24846.0
133,35929.0
134,46065.0
135,46385.0
136,45483.0
137,45688.0
138,44782.0
139,46066.0
140,45683.0
141,44756.0
142,25518.0
143,25341.0
144,24836.0
145,25460.0
146,35061.0
147,35618.0
148,25529.0
149,25539.0
150,44955.0
151,25596.0
152,25263.0
153,33063.0
154,40228.0
155,40852.0
156,25516.0
157,24648.0
158,40035.0
159,25123.0
160,25335.0
161,25201.0
162,25488.0
163,32683.0
164,32566.0
165,25342.0
166,24693.0
167,24676.0
168,31567.0
169,31998.0
170,25456.0
171,25579.0
172,25206.0
173,25289.0
174,32195.0
175,32770.0
176,25226.0
177,25157.0
178,25311.0
179,25629.0
180,31510.0
181,32873.0
182,25209.0
183,25562.0
184,24685.0
185,25316.0
186,31577.0
187,32410.0
188,24583.0
189,24628.0
190,24757.0
191,23958.0
192,24912.0
193,32225.0
194,24717.0
195,24544.0
196,42184.0
197,32685.0
198,24423.0
199,24588.0
200,24576.0
201,32651.0
202,24655.0
203,25359.0
204,24676.0
205,24481.0
206,24743.0
207,24522.0
208,32555.0
209,24767.0
210,39379.0
211,40144.0
212,41410.0
213,39407.0
214,40401.0
215,39426.0
216,40389.0
217,40146.0
218,40063.0
219,40215.0
220,40096.0
221,40157.0
222,40295.0
223,40454.0
224,40282.0
225,40219.0
226,40201.0
227,40282.0
228,39963.0
229,32096.0
230,23977.0
231,25093.0
232,39553.0
233,40037.0
234,40073.0
235,25432.0
236,25162.0
237,24681.0
238,32463.0
239,24422.0
240,24686.0
241,32077.0
242,25536.0
243,31761.0
244,31913.0
245,25293.0
246,31689.0
247,32780.0
248,25156.0
249,25110.0
250,25711.0
251,31774.0
252,24874.0
253,24365.0
254,32006.0
255,24562.0
256,31783.0
257,24941.0
258,24678.0
259,24012.0
260,30552.0
261,24597.0
262,24562.0
263,24162.0
264,23795.0
265,24870.0
266,24558.0
267,24769.0
268,32103.0
269,25509.0
270,32115.0
271,32589.0
272,25252.0
273,24608.0
274,31807.0
275,24612.0
276,24551.0
277,32802.0
278,25674.0
279,32214.0
280,32527.0
281,25457.0
282,32229.0
283,32643.0
284,40199.0
285,24639.0
286,25377.0
287,31720.0
288,24807.0
289,23829.0
290,23906.0
291,32593.0
292,32444.0
293,24896.0
294,24427.0
295,24086.0
296,23857.0
297,24484.0
298,24500.0
299,24862.0
300,23864.0
301,31928.0
302,40408.0
303,24625.0
304,25189.0
305,24690.0
306,32614.0
307,23869.0
308,24757.0
309,32148.0
310,25276.0
311,25825.0
312,25341.0
313,32385.0
314,32592.0
315,25380.0
316,32112.0
317,32725.0
318,25362.0
319,25348.0
320,25252.0
321,24051.0
322,24547.0
323,24999.0
324,24690.0
325,23832.0
326,24556.0
327,32649.0
328,25311.0
329,25227.0
330,24336.0
331,23931.0
332,24916.0
333,24684.0
334,24660.0
335,24416.0
336,24878.0
337,23917.0
338,24664.0
339,24475.0
340,24542.0
341,23797.0
342,24494.0
343,24494.0
344,24200.0
345,24976.0
346,24676.0
347,24374.0
348,23847.0
349,24457.0
350,24551.0
351,25592.0
352,25353.0
353,24711.0
354,24756.0
355,24705.0
356,25379.0
357,24802.0
358,24873.0
359,24524.0
360,24417.0
361,24099.0
362,23958.0
363,24743.0
364,24661.0
365,25488.0
366,24851.0
367,24185.0
368,24783.0
369,24705.0
370,24766.0
371,23949.0
372,24495.0
373,25070.0
374,24711.0
375,24417.0
376,24599.0
377,24858.0
378,24018.0
379,24543.0
380,24744.0
381,24686.0
382,24532.0
383,24389.0
384,25164.0
385,24650.0
386,191170.0
387,24677.0
388,24433.0
389,23739.0
390,23811.0
391,23684.0
392,23666.0
393,24694.0
394,24582.0
395,24275.0
396,24263.0
397,24568.0
398,24335.0
399,24296.0
400,24745.0
401,24523.0
402,24460.0
403,23836.0
404,25299.0
405,24159.0
406,24930.0
407,24726.0
408,24539.0
409,24625.0
410,24745.0
411,24841.0
412,24517.0
413,24754.0
414,24920.0
415,25467.0
416,37831.0
417,24699.0
418,23987.0
419,24651.0
420,24641.0
421,24532.0
422,24696.0
423,25256.0
424,24606.0
425,24453.0
426,24798.0
427,24572.0
428,24542.0
429,25339.0
430,23935.0
431,23889.0
432,24537.0
433,24142.0
434,24715.0
435,24537.0
436,23869.0
437,24389.0
438,24675.0
439,24751.0
440,23876.0
441,39284.0
442,18621.0
443,17979.0
444,17738.0
445,17618.0
446,17942.0
447,17832.0
448,18477.0
449,18001.0
450,17978.0
451,17917.0
452,17643.0
453,17531.0
454,17839.0
455,17899.0
456,17693.0
457,17691.0
458,17796.0
459,17624.0
460,17877.0
461,17559.0
462,17455.0
463,17818.0
464,18018.0
465,17769.0
466,18132.0
467,17762.0
468,17719.0
469,17501.0
470,17474.0
471,17515.0
472,17655.0
473,17587.0
474,17759.0
475,17822.0
476,17581.0
477,17628.0
478,17520.0
479,17565.0
480,17804.0
481,17474.0
482,17544.0
483,17905.0
484,17750.0
485,17627.0
486,17654.0
487,17441.0
488,17500.0
489,17523.0
490,17588.0
491,17731.0
492,17715.0
493,17612.0
494,17687.0
495,17420.0
496,17458.0
497,17568.0
498,17581.0
499,17683.0
500,17615.0
501,17655.0
502,17677.0
503,17490.0
504,17505.0
505,17413.0
506,17558.0
507,17531.0
508,17724.0
509,17697.0
510,17531.0
511,17520.0
512,20190.0
513,17489.0
514,17724.0
515,17647.0
516,17630.0
517,17642.0
518,17562.0
519,17624.0
520,17588.0
521,17417.0
522,17373.0
523,23782.0
524,17926.0
525,17634.0
526,17625.0
527,17748.0
528,17529.0
529,17480.0
530,17601.0
531,17802.0
532,17591.0
533,17489.0
534,17562.0
535,17617.0
536,17907.0
537,17561.0
538,17605.0
539,17437.0
540,17594.0
541,17572.0
542,17667.0
543,17666.0
544,17571.0
545,17652.0
546,17456.0
547,17938.0
548,17605.0
549,17707.0
550,17760.0
551,17681.0
552,17639.0
553,17553.0
554,17537.0
555,17480.0
556,17468.0
557,17368.0
558,17667.0
559,17525.0
560,17694.0
561,17687.0
562,17880.0
563,17571.0
564,17472.0
565,17801.0
566,17604.0
567,17741.0
568,17615.0
569,17604.0
570,17654.0
571,17574.0
572,17465.0
573,17418.0
574,17723.0
575,17619.0
576,17796.0
577,17674.0
578,17667.0
579,17604.0
580,17524.0
581,17622.0
582,17641.0
583,17678.0
584,17765.0
585,17619.0
586,17663.0
587,17799.0
588,17720.0
589,17460.0
590,17512.0
591,17720.0
592,17572.0
593,17652.0
594,17998.0
595,17649.0
596,17594.0
597,17566.0
598,17444.0
599,17492.0
600,17451.0
