itr, time in nanosec 
1, 229443
2, 220365
3, 214950
4, 213710
5, 212991
6, 212021
7, 211126
8, 212103
9, 210966
10, 221680
11, 211447
12, 213975
13, 208302
14, 227221
15, 228123
16, 210778
17, 233683
18, 208917
19, 208440
20, 209455
21, 209384
22, 207989
23, 207628
24, 208032
25, 207889
26, 207796
27, 206613
28, 207769
29, 208531
30, 207764
31, 209759
32, 209590
33, 208523
34, 207609
35, 207613
36, 230007
37, 208132
38, 209212
39, 207145
40, 206544
41, 207175
42, 208102
43, 207894
44, 206426
45, 208127
46, 207298
47, 207700
48, 211240
49, 208237
50, 213824
51, 199499
52, 207721
53, 207009
54, 207446
55, 232132
56, 207510
57, 206719
58, 206308
59, 206531
60, 208540
61, 208791
62, 208002
63, 206256
64, 207108
65, 206972
66, 207152
67, 205699
68, 206460
69, 206521
70, 206528
71, 207748
72, 206974
73, 206687
74, 230317
75, 196921
76, 195853
77, 194598
78, 195690
79, 194785
80, 195277
81, 195041
82, 194703
83, 195706
84, 193164
85, 183674
86, 184042
87, 212570
88, 194887
89, 193420
90, 194920
91, 195422
92, 202968
93, 198401
94, 215270
95, 205598
96, 195739
97, 198196
98, 150652
99, 100481
100, 101600
101, 100191
102, 101041
103, 100733
104, 101242
105, 101915
106, 101397
107, 101428
108, 100548
109, 100622
110, 100474
111, 100625
112, 100474
113, 100488
114, 100499
115, 100193
116, 99547
117, 99551
118, 119145
119, 194495
120, 194435
121, 195381
122, 193612
123, 193612
124, 214872
125, 206167
126, 193399
127, 194889
128, 194397
129, 194747
130, 193608
131, 193990
132, 194644
133, 194452
134, 196265
135, 196765
136, 196558
137, 196464
138, 196410
139, 194880
140, 202064
141, 195238
142, 195129
143, 193122
144, 204425
145, 157255
146, 157610
147, 156847
148, 157428
149, 157922
150, 158737
151, 157306
152, 157851
153, 156923
154, 157303
155, 157313
156, 157466
157, 157756
158, 156269
159, 157652
160, 157238
161, 157523
162, 157217
163, 157510
164, 158361
165, 158538
166, 158346
167, 157963
168, 157663
169, 159892
170, 157559
171, 157881
172, 157348
173, 157559
174, 157517
175, 157559
176, 157658
177, 156176
178, 157363
179, 159462
180, 159017
181, 157762
182, 157998
183, 157290
184, 157980
185, 156688
186, 157133
187, 156823
188, 157909
189, 157118
190, 155939
191, 156142
192, 156675
193, 157071
194, 157585
195, 161198
196, 157888
197, 158024
198, 157193
199, 156948
200, 157288
201, 158227
202, 156691
203, 157133
204, 157926
205, 155821
206, 156229
207, 156993
208, 157297
209, 158609
210, 156907
211, 156479
212, 157946
213, 156515
214, 156743
215, 155774
216, 156299
217, 156123
218, 154607
219, 156421
220, 167295
221, 149586
222, 149851
223, 151441
224, 151394
225, 149933
226, 150409
227, 149531
228, 149592
229, 150100
230, 150572
231, 150758
232, 150791
233, 150809
234, 149925
235, 150297
236, 150222
237, 151086
238, 151580
239, 152103
240, 150884
241, 150835
242, 151174
243, 150250
244, 150875
245, 150811
246, 153173
247, 150782
248, 151356
249, 149954
250, 150414
251, 150281
252, 150726
253, 151534
254, 150987
255, 150755
256, 150633
257, 151108
258, 151150
259, 150332
260, 150629
261, 150184
262, 150394
263, 149596
264, 149956
265, 150660
266, 150830
267, 151422
268, 151238
269, 151101
270, 150609
271, 151167
272, 151128
273, 152780
274, 149661
275, 149526
276, 149865
277, 150079
278, 148537
279, 150259
280, 149918
281, 149637
282, 150246
283, 150365
284, 150723
285, 151079
286, 149609
287, 149415
288, 149794
289, 149575
290, 149399
291, 149854
292, 149760
293, 149855
294, 149980
295, 148683
296, 148819
297, 150889
298, 151690
299, 162987
300, 143705
301, 144457
302, 143785
303, 143421
304, 143384
305, 143520
306, 142932
307, 142985
308, 142700
309, 142127
310, 142587
311, 142417
312, 144270
313, 144783
314, 144291
315, 143685
316, 142773
317, 143077
318, 143732
319, 143185
320, 143767
321, 143267
322, 142518
323, 143201
324, 143214
325, 142945
326, 142402
327, 146681
328, 143447
329, 143819
330, 144463
331, 143648
332, 143753
333, 143360
334, 144119
335, 143533
336, 143695
337, 143261
338, 142803
339, 142260
340, 143594
341, 143618
342, 145388
343, 143893
344, 144287
345, 143658
346, 143524
347, 143252
348, 143064
349, 144065
350, 144668
351, 144450
352, 142820
353, 143550
354, 142893
355, 146804
356, 143905
357, 144730
358, 144074
359, 143376
360, 144325
361, 142871
362, 142630
363, 143538
364, 142672
365, 143460
366, 184460
367, 143168
368, 143990
369, 142402
370, 143155
371, 144101
372, 143262
373, 142902
374, 144373
375, 144632
376, 142880
377, 143609
378, 143233
379, 141921
380, 143815
381, 143491
382, 153698
383, 136754
384, 136651
385, 137504
386, 139484
387, 138018
388, 138664
389, 139212
390, 138605
391, 137769
392, 136378
393, 137118
394, 137729
395, 137083
396, 137343
397, 137453
398, 137523
399, 137111
400, 138071
401, 138725
402, 139171
403, 138412
404, 138176
405, 137645
406, 137530
407, 138138
408, 138514
409, 137876
410, 137935
411, 139836
412, 136025
413, 136832
414, 137335
415, 137588
416, 138411
417, 138265
418, 138324
419, 138593
420, 137475
421, 137964
422, 137903
423, 136533
424, 138459
425, 136963
426, 136957
427, 137177
428, 137127
429, 137284
430, 138106
431, 138994
432, 139457
433, 138368
434, 138038
435, 137798
436, 136722
437, 137061
438, 137796
439, 138045
440, 139489
441, 138257
442, 138075
443, 136960
444, 137587
445, 137881
446, 138368
447, 139360
448, 138082
449, 137959
450, 138769
451, 137876
452, 138009
453, 138387
454, 138148
455, 137873
456, 137413
457, 140335
458, 131830
459, 132739
460, 132903
461, 131727
462, 133530
463, 132798
464, 132173
465, 132095
466, 131662
467, 133764
468, 132717
469, 143706
470, 126928
471, 126422
472, 126907
473, 126962
474, 126992
475, 127429
476, 128207
477, 127310
478, 128120
479, 128018
480, 126275
481, 126436
482, 126639
483, 127133
484, 128462
485, 127585
486, 127882
487, 127224
488, 128667
489, 127741
490, 128744
491, 128164
492, 126551
493, 127799
494, 126525
495, 126163
496, 126478
497, 127659
498, 126854
499, 126722
500, 135437
501, 134780
502, 131235
503, 130465
504, 131478
505, 131884
506, 132046
507, 131896
508, 130615
509, 131355
510, 131600
511, 131142
512, 131221
513, 131656
514, 131287
515, 131446
516, 131212
517, 130730
518, 130891
519, 131859
520, 132590
521, 131630
522, 131124
523, 131258
524, 131521
525, 131512
526, 131021
527, 131681
528, 132107
529, 130990
530, 149191
531, 131850
532, 131375
533, 130592
534, 132260
535, 132416
536, 132766
537, 130906
538, 131521
539, 131464
540, 131447
541, 131238
542, 131677
543, 130724
544, 131017
545, 130883
546, 131166
547, 131175
548, 131634
549, 132252
550, 132347
551, 131965
552, 132223
553, 132544
554, 131764
555, 132172
556, 132411
557, 132012
558, 131233
559, 131592
560, 141714
561, 127238
562, 126217
563, 126023
564, 127574
565, 127469
566, 127402
567, 127725
568, 126974
569, 126498
570, 126583
571, 125416
572, 127627
573, 127139
574, 126154
575, 126934
576, 126993
577, 126186
578, 126694
579, 127857
580, 128159
581, 127657
582, 127691
583, 127398
584, 127049
585, 127273
586, 126701
587, 127176
588, 126088
589, 126686
590, 126597
591, 130312
592, 127383
593, 127261
594, 127680
595, 127617
596, 127386
597, 127148
598, 127418
599, 127081
600, 127076
